# EGS_flow_INPUT.dat
# ----------------------------SOLUTION TYPE----------------------------
sol
1	-1	
# ----------------------INITIAL VARIABLE GRADIENTS----------------------
grad
2
all	0.0	3	2	25.0	-0.06	
all	0.0	3	1	0.1	-0.00981	
# -------------------------BOUNDARY CONDITIONS-------------------------
zone
30		#injection
-0.1	0.1	0.1	-0.1	-0.1	0.1	0.1	-0.1	
0.1	0.1	-0.1	-0.1	0.1	0.1	-0.1	-0.1	
-899.9	-899.9	-899.9	-899.9	-1000.1	-1000.1	-1000.1	-1000.1	

boun
model 1
ti
2	0	10000000000.0	
dsw
-4.0	-4.0	
ft
60.0	60.0	
end
-30	0	0	1

# ------------------------------GENERATORS------------------------------
zone
40		#production
nnum
1	5535	
994		#ZMAX
-0.1	1000.1	1000.1	-0.1	-0.1	1000.1	1000.1	-0.1	
1000.1	1000.1	-0.1	-0.1	1000.1	1000.1	-0.1	-0.1	
-499.9	-499.9	-499.9	-499.9	-537.5	-537.5	-537.5	-537.5	

flow
-40	0	0	6	30	1.0	
-994	0	0	5.005	-55.0	1000000.0	

# -----------------------------PERMEABILITY-----------------------------
zone
10		#reservoir
-0.1	1000.1	1000.1	-0.1	-0.1	1000.1	1000.1	-0.1	
1000.1	1000.1	-0.1	-0.1	1000.1	1000.1	-0.1	-0.1	
-800.1	-800.1	-800.1	-800.1	-1099.9	-1099.9	-1099.9	-1099.9	
20		#confining_lower
-0.1	1000.1	1000.1	-0.1	-0.1	1000.1	1000.1	-0.1	
1000.1	1000.1	-0.1	-0.1	1000.1	1000.1	-0.1	-0.1	
-1099.9	-1099.9	-1099.9	-1099.9	-1500.1	-1500.1	-1500.1	-1500.1	
21		#confining_upper
-0.1	1000.1	1000.1	-0.1	-0.1	1000.1	1000.1	-0.1	
1000.1	1000.1	-0.1	-0.1	1000.1	1000.1	-0.1	-0.1	
-499.9	-499.9	-499.9	-499.9	-800.1	-800.1	-800.1	-800.1	

perm
-10	0	0	1e-14	1e-14	1e-14	
-20	0	0	1e-16	1e-16	1e-16	
-21	0	0	1e-16	1e-16	1e-16	

# -------------------------MATERIAL PARAMETERS-------------------------
zone
10		#reservoir
-0.1	1000.1	1000.1	-0.1	-0.1	1000.1	1000.1	-0.1	
1000.1	1000.1	-0.1	-0.1	1000.1	1000.1	-0.1	-0.1	
-800.1	-800.1	-800.1	-800.1	-1099.9	-1099.9	-1099.9	-1099.9	
20		#confining_lower
-0.1	1000.1	1000.1	-0.1	-0.1	1000.1	1000.1	-0.1	
1000.1	1000.1	-0.1	-0.1	1000.1	1000.1	-0.1	-0.1	
-1099.9	-1099.9	-1099.9	-1099.9	-1500.1	-1500.1	-1500.1	-1500.1	
21		#confining_upper
-0.1	1000.1	1000.1	-0.1	-0.1	1000.1	1000.1	-0.1	
1000.1	1000.1	-0.1	-0.1	1000.1	1000.1	-0.1	-0.1	
-499.9	-499.9	-499.9	-499.9	-800.1	-800.1	-800.1	-800.1	

rock
1	0	0	2500.0	1000.0	0.1	
-10	0	0	2300.0	1000.0	0.1	
-20	0	0	2500.0	1000.0	0.01	
-21	0	0	2500.0	1000.0	0.01	

# --------------------------ROCK CONDUCTIVITY--------------------------
cond
1	0	0	2.5	2.5	2.5	

# -----------------------TIME STEPPING PARAMETERS-----------------------
time
1.0	365.0	1	1	

# --------------------SIMULATION CONTROL PARAMETERS--------------------
ctrl
10	1e-05	8	24	gmre	
1	0	0	2	

1	3	1.0	
7	1.5	1e-05	30.0	
0	0	
# --------------------------SOLVER PARAMETERS--------------------------
iter
1e-05	1e-05	0.001	-1e-05	1.1	
0	0	0	0	3600	
stop
